,year,total_domestic_gross,average_domestic_gross,total_foreign_gross,average_foreign_gross
0,2010,18102455624.334923,45369562.96825795,28392156479.75689,71158286.91668393
1,2011,12954171433.200953,26820230.710560977,27441501449.927658,56814702.79488128
2,2012,11362099791.736826,23330800.393710114,31427325429.71998,64532495.74891166
3,2013,10465668879.267937,24800163.221014068,30634187573.839565,72592861.54938285
4,2014,11084075339.066984,23533068.660439458,36070425370.88681,76582644.09954737
5,2015,20408145076.267937,36120610.75445653,59530167868.89862,105363128.97150198
6,2016,12984527498.0,24779632.629770994,38095409355.62008,72701162.89240474
7,2017,10924454725.454004,26260708.47464905,31148702274.57923,74876688.16004623
8,2018,10923421125.454004,28745845.06698422,28521675817.687008,75057041.62549213
